//**Large Turboprop e.a. Dash 8  V2.10 MSFS2020 by MaVe Creations (updated soundcone angles)
// Created with sound samples based on Dash 8
// Samples from YouTube channels, with permission: PilotSanderHD, Mylosairplanefan, TheGreenharm, Southend Aviation
// For AI traffic only

[FLTSIM]
product_code=FSIM

[SOUND_ENGINE]
number_of_engines=2
ENG1_COMBUSTION=intakeXA
ENG1_JET_WHINE=whineXA
ENG2_COMBUSTION=intakeXB
ENG2_JET_WHINE=whineXB

[intakeXA]
filename=turbine_closeX
viewpoint=2
rparams=0.2400,0.900,0.9,1.2000
vparams=0.0000,3.0,0.14286,5.0,0.2857,10.0,0.338,20.0,0.5714,75.00,0.7143,85.00,0.8572,90.00,1.0000,90.00
insideConeAngle=80
outsideConeAngle=360
conePitch=0.000000
coneHeading=315.0
outsideConeVolume=0
full_Scale_Distance=18


[intakeXB]
filename=turbine_closeX
viewpoint=2
rparams=0.2400,0.900,0.9,1.2000
vparams=0.0000,3.0,0.14286,5.0,0.2857,10.0,0.338,20.0,0.5714,75.00,0.7143,85.00,0.8572,90.00,1.0000,90.00
insideConeAngle=80
outsideConeAngle=360
conePitch=0.000000
coneHeading=45.0
outsideConeVolume=0
full_Scale_Distance=18

[whineXA]
filename=whineX
flags=0
viewpoint=2
rparams=0.424,0.622,1.0,1.492000
vparams=0.000000,0.000,0.14286,0.3,0.2857,0.7,0.40,2.0,0.5714,12,0.7143,22,0.8572,32,1.0000,40.00
insideConeAngle=130
outsideConeAngle=300
conePitch=0.000000
coneHeading=300.0
outsideConeVolume=1000
full_Scale_Distance=35
link=backthrustX

[backthrustX]
filename=backthrustX
viewpoint=2
rparams=0.100000,0.952128,1.000000,1.00000
vparams=0.000, 0.3, 0.1, 0.5, 0.27, 2.0, 0.38, 3.0, 0.41, 8.0, 0.418, 30.0, 0.75, 55.0, 1.0000, 75.00
insideConeAngle=80
outsideConeAngle=200
conePitch=0.000000
coneHeading=140.000000
outsideConeVolume=2000
full_Scale_Distance=80
link=propX

[propX]
filename=prop_neg_farX
flags=0
viewpoint=2
rparams=0.304,0.765,1.0,1.020000
vparams=0.0,0.0, 0.0,0.0, 0.38,0.00, 0.715,0.00, 0.73,75.00, 0.75,85.00, 0.77,60.0, 0.84,0.00
InsideConeAngle=180
OutsideConeAngle=360
ConePitch=0
ConeHeading=0
OutsideConeVolume=9000
full_scale_distance=100
link=prop

[prop]
filename=prop_neg_far
flags=0
viewpoint=1
rparams=0.304,0.765,1.0,1.020000
vparams=0.0,0.0, 0.0,0.0, 0.38,0.00, 0.715,0.00, 0.73,75.00, 0.75,85.00, 0.77,60.0, 0.84,0.00
InsideConeAngle=180
OutsideConeAngle=360
ConePitch=0
ConeHeading=0
OutsideConeVolume=9000
full_scale_distance=100

[whineXB]
filename=whineX
flags=0
viewpoint=2
rparams=0.424,0.620,1.0,1.490000
vparams=0.000000,0.000,0.14286,0.3,0.2857,0.7,0.40,2.0,0.5714,12,0.7143,22,0.8572,32,1.0000,40.00
insideConeAngle=130
outsideConeAngle=300
conePitch=0.000000
coneHeading=60.0
outsideConeVolume=1000
full_Scale_Distance=35
link=backthrustXB

[backthrustXB]
filename=backthrustX
viewpoint=2
rparams=0.100000,0.954128,1.000000,1.00200
vparams=0.000, 0.3, 0.1, 0.5, 0.27, 2.0, 0.38, 3.0, 0.41, 8.0, 0.418, 30.0, 0.75, 55.0, 1.0000, 75.00
insideConeAngle=80
outsideConeAngle=200
conePitch=0.000000
coneHeading=220.000000
outsideConeVolume=4000
full_Scale_Distance=90

